1403000226,FI005,0,0
1403000006,FI004,0,0
1403000007,FI005,0,0
1403000008,FI005,0,0
1403000222,FI006,5,5
1403000015,FI001,0,0
1403000225,FI005,0,0
1403000007,FI004,0,0
1403000009,FI005,0,0
1403000005,FI010,0,0
1403000006,FI010,0,0
1403000007,FI001,55,77
1403000006,FI006,19,87
1403000008,FI002,30,27
1403000009,FI003,74,93
1403000010,FI004,51,32
1403000011,FI005,36,73
1403000012,FI006,25,41
1403000013,FI001,38,71
1403000014,FI002,40,33
1403000015,FI003,91,58
1403000016,FI004,43,64
1403000017,FI005,50,10
1403000018,FI006,88,72
1403000019,FI001,91,10
1403000020,FI002,81,73
1403000021,FI003,55,26
1403000022,FI004,31,28
1403000023,FI005,69,65
1403000024,FI006,81,34
1403000025,FI001,67,14
1403000026,FI002,15,19
1403000027,FI003,30,21
1403000028,FI004,44,96
1403000029,FI005,11,36
1403000030,FI006,65,15
1403000031,FI001,84,67
1403000032,FI002,22,17
1403000033,FI003,69,83
1403000034,FI004,27,48
1403000035,FI005,51,56
1403000036,FI006,48,45
1403000037,FI001,21,30
1403000038,FI002,77,59
1403000039,FI003,34,28
1403000040,FI004,53,95
1403000041,FI005,92,23
1403000042,FI006,82,83
1403000043,FI001,78,97
1403000044,FI002,45,73
1403000045,FI003,99,55
1403000046,FI004,63,79
1403000047,FI005,32,72
1403000048,FI006,43,82
1403000049,FI001,29,41
1403000050,FI002,86,67
1403000051,FI003,36,45
1403000052,FI004,67,32
1403000053,FI005,18,14
1403000054,FI006,11,83
1403000055,FI001,49,51
1403000056,FI002,51,91
1403000057,FI003,95,44
1403000058,FI004,40,55
1403000059,FI005,68,81
1403000060,FI006,29,74
1403000061,FI001,82,79
1403000062,FI002,93,23
1403000063,FI003,76,30
1403000064,FI004,19,17
1403000065,FI005,64,61
1403000066,FI006,67,52
1403000067,FI001,13,52
1403000068,FI002,32,22
1403000069,FI003,21,20
1403000070,FI004,23,81
1403000071,FI005,29,83
1403000072,FI006,62,15
1403000073,FI001,83,11
1403000074,FI002,11,94
1403000075,FI003,24,26
1403000076,FI004,41,45
1403000077,FI005,64,63
1403000078,FI006,89,30
1403000079,FI001,65,55
1403000080,FI002,81,33
1403000081,FI003,87,58
1403000082,FI004,53,53
1403000083,FI005,71,73
1403000084,FI006,97,36
1403000085,FI001,89,54
1403000086,FI002,29,29
1403000087,FI003,71,72
1403000088,FI004,88,75
1403000089,FI005,80,67
1403000090,FI006,55,54
1403000091,FI001,99,99
1403000092,FI002,42,47
1403000093,FI003,17,71
1403000094,FI004,11,57
1403000095,FI005,43,47
1403000096,FI006,42,86
1403000097,FI001,64,98
1403000098,FI002,11,71
1403000099,FI003,20,95
1403000100,FI004,79,44
1403000101,FI005,92,68
1403000102,FI006,65,61
1403000103,FI001,30,61
1403000104,FI002,82,67
1403000105,FI003,23,84
1403000106,FI004,38,53
1403000107,FI005,58,70
1403000108,FI006,57,85
1403000109,FI001,46,50
1403000110,FI002,13,37
1403000111,FI003,68,23
1403000112,FI004,45,93
1403000113,FI005,72,55
1403000114,FI006,48,21
1403000115,FI001,14,81
1403000116,FI002,71,88
1403000117,FI003,72,37
1403000118,FI004,22,43
1403000119,FI005,25,93
1403000120,FI006,42,59
1403000121,FI001,70,90
1403000122,FI002,23,96
1403000123,FI003,18,84
1403000124,FI004,92,40
1403000125,FI005,39,36
1403000126,FI006,63,76
1403000127,FI001,72,10
1403000128,FI002,18,88
1403000129,FI003,10,28
1403000130,FI004,75,98
1403000131,FI005,86,41
1403000132,FI006,69,99
1403000133,FI001,30,15
1403000134,FI002,42,38
1403000135,FI003,62,10
1403000136,FI004,31,90
1403000137,FI005,98,51
1403000138,FI006,33,46
1403000139,FI001,83,32
1403000140,FI002,30,44
1403000141,FI003,44,83
1403000142,FI004,45,83
1403000143,FI005,68,56
1403000144,FI006,84,40
1403000145,FI001,72,28
1403000146,FI002,98,83
1403000147,FI003,42,70
1403000148,FI004,73,47
1403000149,FI005,98,32
1403000150,FI006,24,75
1403000151,FI001,76,83
1403000152,FI002,97,95
1403000153,FI003,88,89
1403000154,FI004,45,15
1403000155,FI005,41,93
1403000156,FI006,68,39
1403000157,FI001,68,38
1403000158,FI002,30,99
1403000159,FI003,66,69
1403000160,FI004,53,13
1403000161,FI005,58,17
1403000162,FI006,43,83
1403000163,FI001,94,61
1403000164,FI002,41,68
1403000165,FI003,35,17
1403000166,FI004,70,77
1403000167,FI005,51,88
1403000168,FI006,54,28
1403000169,FI001,95,33
1403000170,FI002,34,40
1403000171,FI003,74,74
1403000172,FI004,91,28
1403000173,FI005,90,29
1403000174,FI006,89,35
1403000175,FI001,98,68
1403000176,FI002,25,51
1403000177,FI003,39,99
1403000178,FI004,96,53
1403000179,FI005,64,16
1403000180,FI006,49,72
1403000181,FI001,36,65
1403000182,FI002,73,83
1403000183,FI003,97,19
1403000184,FI004,26,25
1403000185,FI005,69,16
1403000186,FI006,72,79
1403000187,FI001,58,35
1403000188,FI002,10,59
1403000189,FI003,93,24
1403000190,FI004,87,80
1403000191,FI005,72,59
1403000192,FI006,88,89
1403000193,FI001,84,70
1403000194,FI002,31,72
1403000195,FI003,46,63
1403000196,FI004,75,65
1403000197,FI005,90,31
1403000198,FI006,38,25
1403000199,FI001,20,36
1403000200,FI002,75,97
1403000201,FI003,50,99
1403000202,FI004,36,76
1403000203,FI005,18,74
1403000204,FI006,55,45
1403000205,FI001,59,12
1403000206,FI002,51,70
1403000207,FI003,10,52
1403000208,FI004,28,27
1403000209,FI005,70,77
1403000210,FI006,90,22
1403000211,FI001,16,97
1403000212,FI002,96,16
1403000213,FI003,35,52
1403000214,FI004,57,20
1403000215,FI005,56,97
1403000216,FI006,47,60
1403000217,FI001,56,22
1403000218,FI002,38,82
1403000219,FI003,34,54
1403000220,FI004,29,15
1403000221,FI005,50,33
1403000223,FI001,14,63
1403000224,FI002,32,30
1403000006,FI005,19,87
1403000007,FI006,99,99
1403000008,FI001,30,27
1403000009,FI002,74,93
1403000010,FI003,51,32
1403000011,FI004,36,73
1403000012,FI005,25,41
1403000013,FI006,38,71
1403000014,FI001,40,33
1403000015,FI002,91,58
1403000016,FI003,43,64
1403000017,FI004,50,10
1403000018,FI005,88,72
1403000019,FI006,91,10
1403000020,FI001,81,73
1403000021,FI002,55,26
1403000022,FI003,31,28
1403000023,FI004,69,65
1403000024,FI005,81,34
1403000025,FI006,67,14
1403000026,FI001,15,19
1403000027,FI002,30,21
1403000028,FI003,44,96
1403000029,FI004,11,36
1403000030,FI005,65,15
1403000031,FI006,84,67
1403000032,FI001,22,17
1403000033,FI002,69,83
1403000034,FI003,27,48
1403000035,FI004,51,56
1403000036,FI005,48,45
1403000037,FI006,21,30
1403000038,FI001,77,59
1403000039,FI002,34,28
1403000040,FI003,53,95
1403000041,FI004,92,23
1403000042,FI005,82,83
1403000043,FI006,78,97
1403000044,FI001,45,73
1403000045,FI002,99,55
1403000046,FI003,63,79
1403000047,FI004,32,72
1403000048,FI005,43,82
1403000049,FI006,29,41
1403000050,FI001,86,67
1403000051,FI002,36,45
1403000052,FI003,67,32
1403000053,FI004,18,14
1403000054,FI005,11,83
1403000055,FI006,49,51
1403000056,FI001,51,91
1403000057,FI002,95,44
1403000058,FI003,40,55
1403000059,FI004,68,81
1403000060,FI005,29,74
1403000061,FI006,82,79
1403000062,FI001,93,23
1403000063,FI002,76,30
1403000064,FI003,19,17
1403000065,FI004,64,61
1403000066,FI005,67,52
1403000067,FI006,13,52
1403000068,FI001,32,22
1403000069,FI002,21,20
1403000070,FI003,23,81
1403000071,FI004,29,83
1403000072,FI005,62,15
1403000073,FI006,83,11
1403000074,FI001,11,94
1403000075,FI002,24,26
1403000076,FI003,41,45
1403000077,FI004,64,63
1403000078,FI005,89,30
1403000079,FI006,65,55
1403000080,FI001,81,33
1403000081,FI002,87,58
1403000082,FI003,53,53
1403000083,FI004,71,73
1403000084,FI005,97,36
1403000085,FI006,89,54
1403000086,FI001,29,29
1403000087,FI002,71,72
1403000088,FI003,88,75
1403000089,FI004,80,67
1403000090,FI005,55,54
1403000091,FI006,99,99
1403000092,FI001,42,47
1403000093,FI002,17,71
1403000094,FI003,11,57
1403000095,FI004,43,47
1403000096,FI005,42,86
1403000097,FI006,64,98
1403000098,FI001,11,71
1403000099,FI002,20,95
1403000066,FI002,0,0
1403000005,FI005,0,0
1403000005,FI004,0,0
1403000008,FI004,0,0
